[12, 25, 8, 15, 30, 22, 10, 35, 18, 14]
[15, 20, 10, 18, 28, 25, 12, 40, 20, 16]
[10, 22, 6, 12, 25, 20, 8, 30, 15, 12]
[18, 28, 12, 20, 35, 30, 15, 45, 22, 18]
[20, 30, 15, 22, 40, 32, 18, 50, 25, 20]
[22, 35, 18, 25, 45, 35, 20, 55, 28, 22]
[14, 24, 9, 16, 32, 24, 11, 38, 19, 15]
[13, 21, 7, 14, 29, 21, 9, 33, 16, 13]
[16, 26, 11, 19, 36, 28, 14, 42, 21, 17]
[11, 23, 8, 13, 27, 22, 10, 31, 17, 14]
[19, 29, 14, 21, 38, 31, 16, 48, 24, 19]
[21, 32, 16, 24, 42, 34, 19, 52, 27, 21]
[25, 38, 20, 28, 50, 40, 22, 60, 30, 25]
[17, 27, 10, 17, 34, 26, 13, 41, 20, 16]
[12, 20, 6, 11, 26, 19, 8, 32, 14, 11]
[15, 25, 9, 15, 31, 23, 11, 37, 18, 15]
[14, 22, 8, 14, 28, 21, 10, 35, 16, 13]
[18, 28, 13, 20, 37, 29, 15, 46, 23, 18]
[20, 31, 15, 23, 41, 33, 17, 49, 26, 20]
[23, 36, 19, 27, 48, 38, 21, 58, 29, 24]
[16, 24, 11, 18, 33, 25, 12, 39, 19, 16]
[11, 19, 5, 10, 24, 18, 7, 28, 13, 10]
[13, 23, 8, 13, 30, 20, 9, 34, 15, 12]
[17, 27, 12, 19, 35, 27, 14, 43, 22, 17]
[19, 30, 14, 22, 39, 30, 16, 47, 25, 19]
[22, 34, 17, 26, 44, 36, 18, 54, 28, 22]
[24, 37, 21, 29, 49, 39, 23, 59, 31, 26]
[15, 25, 10, 16, 32, 24, 11, 38, 18, 14]
[12, 21, 7, 12, 27, 19, 8, 30, 14, 11]
[14, 23, 9, 15, 29, 22, 10, 36, 17, 13]